INDV	O(HOM)	E(HOM)	N_SITES	F	MEAN_DEPTH
CF4A01_F	386	604.8	894	-0.75681	117.005
CF4A14_F	398	597.8	882	-0.70314	80.5899
CF4B04_F	604	599.3	877	0.01688	96.7939
CF4B05_F	637	595.6	880	0.14567	66.9737
CF4B09_F	646	592.8	877	0.18718	80.2387
CF4C04_F	637	630.6	925	0.02174	142.683
CF4D01_F	702	644.9	943	0.19158	135.925
CF4D02_F	692	642.2	941	0.16654	104.429
CF4D03_F	709	646.3	946	0.20928	135.549
CF4D04_F	722	644.6	944	0.25863	123.377
CF4E01_F	746	647.3	947	0.32937	136.215
CF4E02_F	779	637.1	934	0.47786	82.6015
CF4E03_F	814	647.4	945	0.55987	131.108
CF4E04_F	749	641.1	939	0.36213	130.755
CF4E06_F	795	647.2	946	0.49471	143.101
CF4E08_F	792	647.4	947	0.48262	123.131
CF4E09_F	768	646.0	946	0.40676	100.497
CF4E13_F	776	645.8	945	0.43509	116.738
CF4E16_F	744	642.2	939	0.34307	128.175
CF4E18_F	689	635.2	928	0.18368	184.149
CF4F03_F	533	640.4	939	-0.35984	130.621
CF4F04_F	568	642.8	941	-0.25098	121.018
CF4F05_F	513	646.2	946	-0.44442	146.397
CF4F12_F	548	642.5	940	-0.31776	110.477
CF4F13_F	523	638.9	936	-0.39013	103.497
CF4G01_F	439	643.2	941	-0.68577	137.656
CF4G02_F	429	632.4	927	-0.69065	76.4721
CF4G03_F	440	641.3	940	-0.67397	98.5647
CF4G04_F	450	634.8	928	-0.63024	93.0273
CF4G09_F	427	647.0	946	-0.73565	127.42
CF4G10_F	406	636.9	933	-0.77998	96.0189
CF4G11_F	479	634.1	931	-0.52222	103.939
CF4G12_F	395	630.3	924	-0.80088	58.0221
CF4G14_F	431	632.6	928	-0.68247	88.5941
CF4H01_F	616	627.3	923	-0.03805	82.1188
CF4H02_F	651	634.2	931	0.05666	101.037
CF4H03_F	654	633.0	927	0.07156	67.0831
CF4H04_F	650	642.9	939	0.02390	107.608
CF4H12_F	643	629.9	927	0.04413	62.6351
CF4H13_F	676	646.6	946	0.09818	104.091
CF4I01_F	768	626.5	920	0.48215	72.7529
CF4I02_F	752	617.6	908	0.46287	53.3533
CF4J01_F	697	624.6	916	0.24840	68.511
CF4J02_F	578	637.8	931	-0.20376	119.012
CF4J16_F	706	619.6	905	0.30279	64.3807
CF4J17_F	737	628.3	922	0.37016	63.5647
CF4J25_F	693	625.9	915	0.23206	84.4448
CF4J26_F	735	630.6	923	0.35708	84.756
CF4K04_F	443	631.8	923	-0.64857	80.7581
CF4K05_F	506	643.1	940	-0.46196	111.249
CF4K11_F	433	607.4	890	-0.61727	61.8254
CF4K12_F	502	604.0	885	-0.36314	61.8023
CF4L06_F	726	636.1	930	0.30596	75.3091
CF4L07_F	747	636.6	933	0.37247	84.7581
CF4L08_F	744	632.7	923	0.38335	70.8938
CF4L11_F	783	641.1	938	0.47802	99.7161
CF4L12_F	765	628.1	920	0.46901	68.0053
CF4L13_F	774	640.1	937	0.45090	82.3428
CF4L14_F	750	626.3	915	0.42853	64.021
CF4L15_F	737	629.8	924	0.36446	80.4048
CF4L16_F	733	630.0	923	0.35148	84.551
CF4L18_F	744	640.9	937	0.34811	80.1693
CF4A02_M	417	605.9	893	-0.65775	104.009
CF4A03_M	839	612.4	906	0.77178	100.51
CF4A04_M	398	619.1	910	-0.76006	101.512
CF4A05_M	831	610.5	903	0.75386	108.838
CF4A06_M	415	594.8	877	-0.63726	105.484
CF4A08_M	822	603.5	894	0.75212	89.0683
CF4A09_M	810	612.4	900	0.68704	104.554
CF4A10_M	842	611.2	905	0.78560	79.7518
CF4A12_M	843	616.0	912	0.76688	87.5499
CF4A15_M	875	630.2	927	0.82481	83.9054
CF4A16_M	865	629.5	925	0.79698	91.409
CF4A17_M	858	627.6	925	0.77472	78.9674
CF4A18_M	881	632.2	928	0.84112	96.1851
CF4A19_M	571	614.0	895	-0.15308	75.1619
CF4A20_M	716	614.1	891	0.36795	104.286
CF4A21_M	865	640.3	939	0.75223	101.516
CF4A22_M	712	625.6	911	0.30281	106.688
CF4A23_M	875	634.5	930	0.81390	112.809
CF4A24_M	499	626.8	916	-0.44183	96.7003
CF4A25_M	893	633.0	930	0.87543	97.4206
CF4A26_M	909	635.5	932	0.92243	121.518
CF4A27_M	895	641.7	940	0.84916	111.326
CF4A28_M	906	634.6	931	0.91566	84.1556
CF4A29_M	891	646.0	945	0.81941	113.978
CF4A30_M	911	638.1	934	0.92226	138.881
CF4B02_M	800	586.9	864	0.76903	78.2355
CF4B03_M	689	602.7	885	0.30578	94.5068
CF4B06_M	689	600.0	878	0.32012	94.4721
CF4B07_M	728	555.7	828	0.63276	46.1062
CF4B08_M	675	593.5	876	0.28853	93.0799
CF4B10_M	685	612.8	900	0.25127	101.549
CF4B11_M	662	611.9	902	0.17264	78.1377
CF4B12_M	814	596.0	878	0.77301	79.4395
CF4B13_M	825	591.0	879	0.81253	77.4437
CF4B14_M	768	537.5	801	0.87476	34.8749
CF4C01_M	633	621.3	911	0.04054	103.012
CF4C02_M	579	624.6	919	-0.15507	124.772
CF4C05_M	853	614.4	901	0.83254	103.638
CF4C06_M	608	632.5	926	-0.08340	106.019
CF4C07_M	695	625.1	915	0.24104	145.959
CF4D05_M	768	633.7	923	0.46423	96.2376
CF4D06_M	700	643.0	941	0.19118	127.081
CF4D07_M	722	647.7	947	0.24824	149.12
CF4D08_M	650	626.4	922	0.07972	81.0589
CF4D09_M	919	642.2	940	0.92949	150.283
CF4D10_M	682	642.3	941	0.13305	135.566
CF4E05_M	765	643.0	940	0.41068	121.722
CF4E07_M	741	635.5	934	0.35336	79.7539
CF4E10_M	790	638.1	933	0.51511	111.764
CF4F06_M	561	635.6	933	-0.25071	114.862
CF4F07_M	859	624.3	922	0.78839	87.1672
CF4F08_M	550	633.4	925	-0.28613	208.407
CF4F14_M	895	634.2	931	0.87871	89.2461
CF4F15_M	884	638.0	936	0.82548	89.0116
CF4F16_M	680	624.8	909	0.19434	120.764
CF4F17_M	895	633.4	931	0.87904	85.715
CF4G05_M	828	625.2	910	0.71211	133.47
CF4G06_M	588	622.7	915	-0.11880	107.007
CF4G07_M	869	627.5	923	0.81726	94.1262
CF4G08_M	648	619.3	906	0.10012	114.187
CF4G13_M	389	637.3	933	-0.84000	98.7014
CF4G15_M	406	622.0	917	-0.73232	90.4437
CF4H05_M	735	624.3	908	0.39030	109.937
CF4H06_M	652	636.4	934	0.05248	116.11
CF4H07_M	682	636.2	930	0.15593	94.489
CF4H08_M	674	640.8	937	0.11220	109.93
CF4H09_M	663	640.3	936	0.07683	98.4322
CF4H10_M	668	645.9	944	0.07412	106.802
CF4H11_M	640	635.4	931	0.01554	99.4522
CF4H14_M	668	636.5	930	0.10747	88.3512
CF4H15_M	822	627.9	915	0.67603	104.838
CF4H16_M	673	634.2	927	0.13249	69.7603
CF4H17_M	644	626.5	913	0.06107	88.7371
CF4H18_M	689	626.3	917	0.21572	63.4522
CF4H19_M	613	623.3	903	-0.03685	82.3091
CF4H20_M	641	613.0	897	0.09863	52.5889
CF4H21_M	691	630.8	921	0.20755	82.8086
CF4I03_M	885	636.0	933	0.83837	74.449
CF4I04_M	737	604.3	888	0.46770	55.5689
CF4I06_M	800	568.5	842	0.84644	45.2986
CF4J03_M	887	635.9	933	0.84519	105.435
CF4J04_M	881	624.3	920	0.86813	58.6078
CF4J05_M	897	623.8	917	0.93179	55.4206
CF4J06_M	911	641.2	939	0.90599	91.6551
CF4J07_M	895	643.0	942	0.84281	107.49
CF4J08_M	891	622.8	915	0.91786	77.5184
CF4J09_M	811	569.3	847	0.87036	38.2871
CF4J10_M	856	600.2	886	0.89505	50.2955
CF4J12_M	873	621.7	916	0.85389	61.7708
CF4J13_M	900	640.6	938	0.87220	79.8254
CF4J14_M	880	633.2	928	0.83718	65.5563
CF4J19_M	896	624.8	914	0.93776	98.387
CF4J20_M	892	615.6	910	0.93887	56.633
CF4J21_M	887	637.7	933	0.84423	86.511
CF4J22_M	759	633.5	926	0.42900	78.5741
CF4J23_M	842	606.2	889	0.83382	61.898
CF4J24_M	891	627.7	923	0.89164	83.4711
CF4J27_M	895	622.0	912	0.94137	81.4585
CF4K01_M	534	633.4	928	-0.33762	62.8233
CF4K02_M	827	617.8	899	0.74396	108.178
CF4K03_M	441	635.8	928	-0.66670	100.922
CF4K06_M	537	630.4	920	-0.32262	83.1399
CF4K07_M	497	625.2	912	-0.44689	83.1136
CF4K08_M	778	628.3	914	0.52396	129.089
CF4K10_M	445	615.6	897	-0.60642	78.1966
CF4K13_M	866	619.8	909	0.85132	60.0326
CF4K14_M	655	609.7	889	0.16220	55.8265
CF4K15_M	614	624.9	906	-0.03886	98.571
CF4K16_M	661	463.7	684	0.89562	32.7003
CF4K17_M	886	624.3	917	0.89409	81.0189
CF4K18_M	474	634.8	928	-0.54847	93.6761
CF4L01_M	786	627.3	914	0.55359	106.484
CF4L09_M	744	633.7	925	0.37867	86.0116
CF4L10_M	880	625.0	917	0.87329	80.7666
