INDV	O(HOM)	E(HOM)	N_SITES	F	MEAN_DEPTH
CF4A01_F	470	714.3	1035	-0.76169	103.789
CF4A14_F	480	708.5	1026	-0.71956	70.6946
CF4B04_F	713	720.9	1034	-0.02519	84.9456
CF4B05_F	749	702.8	1018	0.14653	58.8283
CF4B09_F	747	690.6	1003	0.18052	69.9707
CF4C04_F	776	767.8	1106	0.02428	128.634
CF4D01_F	849	790.7	1134	0.16987	122.953
CF4D02_F	840	788.1	1132	0.15090	93.8085
CF4D03_F	864	796.5	1141	0.19583	121.129
CF4D04_F	888	796.3	1141	0.26593	110.549
CF4E01_F	902	795.8	1141	0.30764	123.252
CF4E02_F	944	786.1	1128	0.46184	74.0595
CF4E03_F	981	796.9	1139	0.53812	119.475
CF4E04_F	911	792.2	1135	0.34660	117.276
CF4E06_F	954	789.8	1131	0.48124	128.195
CF4E08_F	961	800.3	1147	0.46358	111.948
CF4E09_F	934	796.6	1142	0.39781	90.3192
CF4E13_F	945	796.2	1141	0.43151	104.386
CF4E16_F	906	795.1	1139	0.32255	114.653
CF4E18_F	850	784.3	1122	0.19459	163.834
CF4F03_F	675	783.5	1125	-0.31781	116.627
CF4F04_F	709	778.6	1117	-0.20580	108.243
CF4F05_F	653	790.1	1132	-0.40104	129.98
CF4F12_F	695	785.7	1126	-0.26658	98.874
CF4F13_F	660	783.4	1124	-0.36233	92.3814
CF4G01_F	578	794.4	1138	-0.62972	123.698
CF4G02_F	540	763.4	1100	-0.66363	68.4538
CF4G03_F	564	781.8	1122	-0.64009	87.7567
CF4G04_F	590	781.7	1119	-0.56856	83.711
CF4G09_F	556	796.1	1140	-0.69799	114.682
CF4G10_F	538	785.1	1127	-0.72251	85.5997
CF4G11_F	609	778.6	1121	-0.49533	93.189
CF4G12_F	518	769.6	1105	-0.75008	51.7023
CF4G14_F	556	770.1	1109	-0.63194	78.8542
CF4H01_F	752	767.6	1108	-0.04595	73.0621
CF4H02_F	794	777.2	1119	0.04913	90.3089
CF4H03_F	787	769.9	1109	0.05054	59.7981
CF4H04_F	789	788.5	1130	0.00142	96.8171
CF4H12_F	786	772.1	1114	0.04066	56.3745
CF4H13_F	831	794.4	1139	0.10620	93.3469
CF4I01_F	924	760.1	1095	0.48936	65.1441
CF4I02_F	873	729.6	1055	0.44066	47.2606
CF4J01_F	838	761.4	1094	0.23031	62.3434
CF4J02_F	726	785.1	1123	-0.17478	106.695
CF4J16_F	841	744.2	1067	0.29986	57.9448
CF4J17_F	889	765.8	1103	0.36530	57.4771
CF4J25_F	829	752.4	1081	0.23313	76.1303
CF4J26_F	880	762.3	1095	0.35370	75.7524
CF4K04_F	559	757.7	1086	-0.60539	71.8154
CF4K05_F	643	789.6	1130	-0.43076	99.0052
CF4K11_F	540	719.6	1033	-0.57290	54.7075
CF4K12_F	603	707.4	1019	-0.33506	54.7118
CF4L06_F	861	758.7	1089	0.30981	67.6946
CF4L07_F	900	777.5	1115	0.36291	76.4314
CF4L08_F	895	767.5	1098	0.38571	63.5047
CF4L11_F	937	774.1	1111	0.48351	88.6299
CF4L12_F	917	764.2	1097	0.45916	61.2873
CF4L13_F	927	778.9	1115	0.44060	73.5695
CF4L14_F	909	763.0	1092	0.44383	59.4599
CF4L15_F	892	768.1	1104	0.36881	72.9172
CF4L16_F	888	765.7	1097	0.36910	76.4159
CF4L18_F	892	775.8	1111	0.34674	71.9085
CF4A02_M	511	732.9	1058	-0.68244	91.3598
CF4A03_M	984	744.6	1079	0.71590	88.7075
CF4A04_M	495	742.0	1069	-0.75529	89.3684
CF4A05_M	952	723.5	1050	0.69989	95.9396
CF4A06_M	516	715.1	1031	-0.63038	92.1872
CF4A08_M	920	695.1	1018	0.69648	77.2796
CF4A09_M	921	717.8	1036	0.63855	90.5841
CF4A10_M	960	719.7	1049	0.72974	70.0112
CF4A12_M	962	723.0	1055	0.71991	77.2261
CF4A15_M	1024	754.4	1091	0.80098	73.8594
CF4A16_M	1024	765.0	1103	0.76630	81.4538
CF4A17_M	1013	758.3	1097	0.75198	69.4978
CF4A18_M	1036	767.0	1106	0.79353	85.9965
CF4A19_M	704	753.7	1078	-0.15341	67.9016
CF4A20_M	864	749.8	1068	0.35895	92.6575
CF4A21_M	1037	777.4	1119	0.75992	89.8991
CF4A22_M	851	767.4	1095	0.25514	95.3917
CF4A23_M	1041	776.4	1117	0.77685	100.266
CF4A24_M	632	763.7	1093	-0.39993	86.7481
CF4A25_M	1041	752.1	1091	0.85245	85.7714
CF4A26_M	1078	774.6	1114	0.89392	108.443
CF4A27_M	1067	781.8	1122	0.83834	99.5651
CF4A28_M	1077	773.2	1114	0.89142	75.4702
CF4A29_M	1065	787.8	1130	0.81006	100.907
CF4A30_M	1082	776.4	1117	0.89723	123.794
CF4B02_M	913	688.7	998	0.72521	69.1519
CF4B03_M	806	713.8	1028	0.29355	83.3348
CF4B06_M	803	711.9	1023	0.29282	83.3753
CF4B07_M	846	668.7	974	0.58067	41.1984
CF4B08_M	791	710.3	1028	0.25408	82.3054
CF4B10_M	813	742.0	1067	0.21845	90.6368
CF4B11_M	752	708.2	1024	0.13881	68.6531
CF4B12_M	924	692.6	1004	0.74311	69.95
CF4B13_M	941	694.2	1013	0.77418	67.9068
CF4B14_M	857	618.1	909	0.82123	30.8283
CF4C01_M	778	760.6	1094	0.05214	92.0923
CF4C02_M	714	763.6	1102	-0.14652	112.709
CF4C05_M	1004	743.9	1071	0.79514	93.3641
CF4C06_M	750	769.6	1107	-0.05808	97.522
CF4C07_M	840	761.1	1092	0.23843	132.456
CF4D05_M	913	770.8	1101	0.43071	85.3978
CF4D06_M	851	794.1	1137	0.16594	113.069
CF4D07_M	882	799.3	1145	0.23927	133.746
CF4D08_M	789	768.3	1108	0.06085	72.8197
CF4D09_M	1079	776.0	1115	0.89381	133.87
CF4D10_M	825	787.0	1131	0.11034	121.595
CF4E05_M	921	791.1	1133	0.37998	108.645
CF4E07_M	884	775.1	1116	0.31947	71.3736
CF4E10_M	950	781.5	1119	0.49924	100.136
CF4F06_M	714	783.5	1126	-0.20287	102.667
CF4F07_M	1017	756.2	1097	0.76524	77.5177
CF4F08_M	691	780.7	1117	-0.26681	184.947
CF4F14_M	1065	773.6	1114	0.85606	80.5746
CF4F15_M	1053	777.6	1119	0.80670	80.0846
CF4F16_M	824	763.7	1091	0.18434	107.034
CF4F17_M	1070	775.9	1118	0.85970	76.667
CF4G05_M	994	768.3	1097	0.68664	119.726
CF4G06_M	715	751.7	1086	-0.10988	94.3141
CF4G07_M	1024	758.6	1098	0.78198	84.7748
CF4G08_M	780	761.0	1088	0.05805	102.635
CF4G13_M	505	776.2	1114	-0.80276	87.9517
CF4G15_M	523	764.2	1103	-0.71179	80.1311
CF4H05_M	893	767.3	1093	0.38602	98.7032
CF4H06_M	793	782.6	1126	0.03030	103.418
CF4H07_M	821	776.1	1110	0.13450	84.2804
CF4H08_M	825	793.9	1136	0.09093	98.9344
CF4H09_M	815	786.0	1124	0.08571	88.5712
CF4H10_M	819	793.9	1138	0.07303	95.0224
CF4H11_M	786	782.0	1123	0.01168	89.3072
CF4H14_M	814	774.9	1110	0.11679	79.5453
CF4H15_M	987	766.3	1095	0.67143	95.0569
CF4H16_M	815	772.1	1105	0.12883	62.8102
CF4H17_M	793	767.2	1093	0.07919	79.5626
CF4H18_M	830	758.9	1092	0.21349	58.0708
CF4H19_M	754	762.3	1082	-0.02604	74.604
CF4H20_M	757	731.4	1052	0.07982	47.0656
CF4H21_M	838	768.4	1102	0.20869	75.176
CF4I03_M	1038	760.6	1098	0.82218	65.8507
CF4I04_M	867	719.6	1039	0.46142	48.9448
CF4I06_M	919	662.2	966	0.84527	39.6393
CF4J03_M	1061	778.7	1120	0.82712	93.2304
CF4J04_M	1024	743.6	1079	0.83601	51.6566
CF4J05_M	1039	736.3	1068	0.91257	49.2019
CF4J06_M	1077	780.9	1121	0.87062	82.4668
CF4J07_M	1070	786.6	1131	0.82286	95.1864
CF4J08_M	1061	764.3	1099	0.88646	69.9206
CF4J09_M	942	676.4	991	0.84425	34.9603
CF4J10_M	983	702.8	1023	0.87508	45.4469
CF4J12_M	1031	751.3	1084	0.84069	54.4435
CF4J13_M	1074	783.5	1125	0.85064	72.8628
CF4J14_M	1028	753.9	1084	0.83038	57.1044
CF4J19_M	1037	739.0	1067	0.90854	85.3701
CF4J20_M	1024	722.1	1052	0.91513	49.6782
CF4J21_M	1048	767.2	1104	0.83373	76.4323
CF4J22_M	895	764.3	1093	0.39762	70.4771
CF4J23_M	958	704.0	1016	0.81408	53.7463
CF4J24_M	1020	735.2	1066	0.86095	72.5229
CF4J27_M	1051	746.5	1078	0.91856	72.9534
CF4K01_M	665	774.3	1111	-0.32469	57.0742
CF4K02_M	988	764.8	1088	0.69061	97.8619
CF4K03_M	573	782.3	1115	-0.62885	90.5134
CF4K06_M	664	767.7	1100	-0.31207	74.7498
CF4K07_M	640	766.7	1097	-0.38359	75.1277
CF4K08_M	935	769.6	1098	0.50366	115.186
CF4K10_M	551	729.7	1042	-0.57201	68.7127
CF4K13_M	987	723.4	1046	0.81711	52.5272
CF4K14_M	801	744.0	1064	0.17824	50.8619
CF4K15_M	761	764.4	1085	-0.01067	87.8818
CF4K16_M	718	514.9	749	0.86760	28.9077
CF4K17_M	1048	754.4	1091	0.87226	73.6471
CF4K18_M	603	783.5	1120	-0.53618	83.8939
CF4L01_M	963	773.7	1106	0.56968	95.7688
CF4L09_M	881	760.3	1088	0.36840	76.5755
CF4L10_M	1021	739.6	1067	0.85952	71.2563
