INDV	O(HOM)	E(HOM)	N_SITES	F	MEAN_DEPTH
CF4A01_F	431	662.0	968	-0.75473	110.454
CF4A14_F	437	652.6	954	-0.71554	75.654
CF4B04_F	660	660.8	956	-0.00275	90.8631
CF4B05_F	693	646.1	945	0.15697	62.8175
CF4B09_F	698	642.6	941	0.18571	75.1549
CF4C04_F	715	703.2	1020	0.03731	136.517
CF4D01_F	774	718.3	1038	0.17422	129.822
CF4D02_F	765	716.8	1038	0.15016	99.4496
CF4D03_F	785	718.0	1039	0.20872	128.354
CF4D04_F	803	719.7	1041	0.25925	117.001
CF4E01_F	821	718.0	1040	0.31989	129.965
CF4E02_F	858	708.3	1027	0.46965	78.4705
CF4E03_F	893	720.5	1040	0.53988	126.055
CF4E04_F	827	714.6	1034	0.35189	124.149
CF4E06_F	871	715.7	1035	0.48634	135.973
CF4E08_F	876	721.4	1044	0.47926	117.724
CF4E09_F	848	721.4	1044	0.39251	95.4125
CF4E13_F	860	720.3	1042	0.43432	110.617
CF4E16_F	824	718.0	1038	0.33134	121.62
CF4E18_F	769	709.6	1025	0.18821	174.591
CF4F03_F	601	710.8	1031	-0.34297	123.575
CF4F04_F	643	714.3	1034	-0.22285	114.841
CF4F05_F	579	715.5	1036	-0.42589	138.411
CF4F12_F	623	717.0	1037	-0.29357	105.201
CF4F13_F	587	710.3	1030	-0.38584	97.923
CF4G01_F	508	718.5	1039	-0.65666	130.177
CF4G02_F	480	696.6	1012	-0.68680	72.4316
CF4G03_F	497	711.3	1031	-0.67040	93.3403
CF4G04_F	513	707.3	1022	-0.61755	88.4144
CF4G09_F	484	719.9	1042	-0.73248	121.099
CF4G10_F	469	708.5	1027	-0.75194	90.7738
CF4G11_F	538	704.4	1023	-0.52214	98.2738
CF4G12_F	453	698.6	1013	-0.78106	54.9078
CF4G14_F	492	703.2	1021	-0.66467	83.8764
CF4H01_F	683	697.3	1015	-0.04511	77.693
CF4H02_F	721	705.6	1025	0.04824	96.0209
CF4H03_F	715	697.3	1013	0.05596	63.4163
CF4H04_F	717	713.8	1032	0.01021	102.491
CF4H12_F	710	698.4	1017	0.03651	59.5494
CF4H13_F	748	717.5	1039	0.09488	98.8584
CF4I01_F	850	697.7	1013	0.48309	68.8051
CF4I02_F	807	670.2	977	0.44583	50.1692
CF4J01_F	761	689.5	1001	0.22958	65.9021
CF4J02_F	654	711.9	1027	-0.18364	113.147
CF4J16_F	774	682.8	988	0.29892	61.4639
CF4J17_F	814	699.5	1015	0.36286	60.5637
CF4J25_F	766	691.8	1001	0.23994	81.1017
CF4J26_F	805	693.8	1006	0.35615	80.499
CF4K04_F	499	691.4	1000	-0.62352	75.9715
CF4K05_F	576	715.2	1033	-0.43791	105.306
CF4K11_F	488	662.8	960	-0.58817	58.2671
CF4K12_F	552	654.1	949	-0.34640	58.0418
CF4L06_F	790	696.1	1008	0.30106	72.039
CF4L07_F	817	704.3	1020	0.35696	80.7719
CF4L08_F	819	699.5	1010	0.38492	67.4962
CF4L11_F	861	706.8	1024	0.48619	94.442
CF4L12_F	839	696.3	1009	0.45642	64.577
CF4L13_F	847	708.0	1024	0.43980	78.1046
CF4L14_F	826	690.1	998	0.44139	61.6892
CF4L15_F	815	699.6	1015	0.36591	76.9534
CF4L16_F	808	696.9	1008	0.35720	81.2576
CF4L18_F	815	708.0	1024	0.33857	76.1226
CF4A02_M	471	672.5	979	-0.65761	97.5903
CF4A03_M	918	681.4	997	0.74971	94.9848
CF4A04_M	445	675.8	984	-0.74890	95.442
CF4A05_M	897	671.3	982	0.72642	102.866
CF4A06_M	472	659.3	960	-0.62288	98.9487
CF4A08_M	875	647.8	955	0.73955	83.0903
CF4A09_M	864	662.3	966	0.66416	97.327
CF4A10_M	912	671.7	986	0.76458	75.2871
CF4A12_M	904	669.8	984	0.74539	82.6521
CF4A15_M	946	689.8	1006	0.81024	78.6302
CF4A16_M	950	702.0	1019	0.78236	86.673
CF4A17_M	933	692.5	1010	0.75751	74.0732
CF4A18_M	961	700.1	1017	0.82327	91.1549
CF4A19_M	634	680.4	981	-0.15435	71.6797
CF4A20_M	793	681.0	979	0.37580	98.3222
CF4A21_M	948	708.6	1028	0.74956	95.6473
CF4A22_M	781	699.7	1007	0.26466	100.82
CF4A23_M	957	704.6	1022	0.79523	106.15
CF4A24_M	566	692.5	1001	-0.41017	91.4724
CF4A25_M	967	691.7	1009	0.86764	91.4914
CF4A26_M	995	706.8	1025	0.90572	115.105
CF4A27_M	985	714.2	1034	0.84678	105.71
CF4A28_M	994	706.5	1026	0.89983	80.0466
CF4A29_M	976	715.8	1036	0.81261	107.136
CF4A30_M	1002	711.9	1030	0.91198	131.799
CF4B02_M	855	634.4	928	0.75135	73.8926
CF4B03_M	752	660.0	959	0.30765	88.9392
CF4B06_M	748	657.1	953	0.30714	89.2281
CF4B07_M	792	616.1	907	0.60470	43.7928
CF4B08_M	732	650.6	950	0.27193	87.8384
CF4B10_M	751	680.0	987	0.23132	96.4297
CF4B11_M	710	662.4	967	0.15632	73.3679
CF4B12_M	874	646.2	944	0.76490	75.0238
CF4B13_M	879	639.5	942	0.79174	72.5751
CF4B14_M	823	585.4	865	0.84976	33.039
CF4C01_M	705	690.6	1001	0.04628	97.8726
CF4C02_M	651	695.4	1012	-0.14038	119.586
CF4C05_M	930	682.0	989	0.80781	98.9591
CF4C06_M	682	701.9	1017	-0.06302	102.298
CF4C07_M	772	696.1	1006	0.24486	140.01
CF4D05_M	839	700.1	1009	0.44969	90.9933
CF4D06_M	775	716.3	1036	0.18355	120.252
CF4D07_M	799	721.5	1043	0.24106	141.632
CF4D08_M	719	695.9	1013	0.07280	77.2595
CF4D09_M	1002	711.0	1029	0.91509	142.652
CF4D10_M	756	716.1	1037	0.12435	128.898
CF4E05_M	841	716.2	1036	0.39032	115.301
CF4E07_M	810	703.9	1024	0.33135	75.7072
CF4E10_M	868	707.3	1022	0.51071	106.447
CF4F06_M	635	707.3	1026	-0.22701	108.731
CF4F07_M	936	685.7	1005	0.78391	82.2414
CF4F08_M	617	705.2	1018	-0.28183	197.298
CF4F14_M	983	707.1	1026	0.86516	85.2757
CF4F15_M	971	710.0	1030	0.81561	85.0989
CF4F16_M	744	690.3	996	0.17567	113.9
CF4F17_M	984	705.3	1025	0.87175	81.5247
CF4G05_M	905	693.4	999	0.69244	126.915
CF4G06_M	647	689.0	1002	-0.13409	100.739
CF4G07_M	948	697.0	1014	0.79177	89.5846
CF4G08_M	707	682.5	986	0.08082	108.119
CF4G13_M	442	702.5	1019	-0.82329	93.326
CF4G15_M	457	690.2	1006	-0.73843	85.2709
CF4H05_M	808	691.4	995	0.38397	104.596
CF4H06_M	717	705.9	1025	0.03470	109.857
CF4H07_M	749	704.9	1018	0.14081	89.6236
CF4H08_M	749	716.0	1034	0.10369	104.823
CF4H09_M	737	711.8	1028	0.07963	93.8365
CF4H10_M	739	717.3	1037	0.06797	100.978
CF4H11_M	710	708.9	1028	0.00343	94.5133
CF4H14_M	742	707.0	1022	0.11110	84.3517
CF4H15_M	900	695.5	1002	0.66721	100.421
CF4H16_M	742	705.2	1018	0.11771	66.6473
CF4H17_M	721	697.7	1005	0.07585	84.6378
CF4H18_M	762	695.3	1008	0.21327	61.366
CF4H19_M	682	691.4	991	-0.03140	78.9867
CF4H20_M	695	672.4	974	0.07483	49.9496
CF4H21_M	762	700.7	1013	0.19622	79.4762
CF4I03_M	960	696.8	1014	0.82974	70.0105
CF4I04_M	801	663.6	966	0.45432	52.0884
CF4I06_M	851	609.8	897	0.83981	42.327
CF4J03_M	969	705.0	1024	0.82759	98.9382
CF4J04_M	950	682.7	998	0.84777	54.8726
CF4J05_M	965	677.7	989	0.92290	51.9316
CF4J06_M	997	714.6	1034	0.88414	87.2015
CF4J07_M	980	715.5	1037	0.82270	101.048
CF4J08_M	975	693.1	1006	0.90094	73.9705
CF4J09_M	871	619.8	914	0.85386	36.3641
CF4J10_M	915	647.8	950	0.88420	47.5903
CF4J12_M	954	689.1	1003	0.84388	58.057
CF4J13_M	986	712.6	1032	0.85599	76.576
CF4J14_M	955	692.8	1006	0.83716	61.2139
CF4J19_M	972	687.5	998	0.91626	91.6017
CF4J20_M	953	665.8	978	0.91993	52.9895
CF4J21_M	966	704.4	1020	0.82892	81.5418
CF4J22_M	829	701.3	1012	0.41098	74.6797
CF4J23_M	898	656.0	953	0.81484	57.5542
CF4J24_M	953	683.4	996	0.86245	77.3698
CF4J27_M	971	684.7	995	0.92265	77.231
CF4K01_M	603	702.1	1017	-0.31483	59.9696
CF4K02_M	902	688.2	990	0.70842	103.246
CF4K03_M	506	707.5	1020	-0.64483	95.6464
CF4K06_M	599	697.2	1007	-0.31707	79.0627
CF4K07_M	571	696.1	1004	-0.40644	79.2747
CF4K08_M	862	700.9	1009	0.52293	122.255
CF4K10_M	499	672.4	969	-0.58467	73.2386
CF4K13_M	924	666.5	972	0.84288	56.038
CF4K14_M	728	676.0	975	0.17382	53.4154
CF4K15_M	685	696.9	998	-0.03967	93.0837
CF4K16_M	693	491.6	718	0.88960	30.8489
CF4K17_M	966	687.7	1002	0.88547	77.8565
CF4K18_M	538	708.3	1023	-0.54128	88.8127
CF4L01_M	873	697.7	1006	0.56863	101.39
CF4L09_M	806	693.8	1003	0.36284	81.3935
CF4L10_M	951	683.3	992	0.86717	76.2072
